Original

[[[193 228 254]
  [205 241 255]
  [205 243 255]
  [204 246 255]
  [176 220 237]]

 [[135 169 193]
  [146 180 204]
  [166 203 225]
  [139 179 198]
  [204 247 255]]

 [[114 145 166]
  [160 191 212]
  [ 28  61  80]
  [182 218 234]
  [200 239 253]]

 [[147 176 190]
  [127 159 172]
  [  1  33  46]
  [190 226 236]
  [198 234 244]]

 [[189 220 219]
  [143 174 175]
  [157 188 189]
  [177 212 215]
  [171 206 209]]]

Displaying Blue Channel
[[193 205 205 204 176]
 [135 146 166 139 204]
 [114 160  28 182 200]
 [147 127   1 190 198]
 [189 143 157 177 171]]

Displaying Green Channel
[[228 241 243 246 220]
 [169 180 203 179 247]
 [145 191  61 218 239]
 [176 159  33 226 234]
 [220 174 188 212 206]]
 
Displaying Red Channel
[[254 255 255 255 237]
 [193 204 225 198 255]
 [166 212  80 234 253]
 [190 172  46 236 244]
 [219 175 189 215 209]]